################################################################################
#                                                                              #
#     One dimensional sounding input file, test.sounding.txt                   #
#                                                                              #
#     This is the supercell storm in Dell city simulation data.                #
#                                                                              #
#     Author      : SAKAKIBARA Atsushi                                         #
#     Date        : 1999/11/01                                                 #
#     Modification: 1999/11/19                                                 #
#                                                                              #
################################################################################
16750.e0 414.0e0  15.0e0  -5.4e0  0.00000e0
16250.e0 406.0e0  15.0e0  -5.4e0  0.00000e0
15750.e0 398.0e0  15.0e0  -5.4e0  0.00000e0
15250.e0 390.0e0  16.0e0  -5.7e0  0.00000e0
14750.e0 382.0e0  17.0e0  -6.0e0  0.00000e0
14250.e0 374.0e0  18.0e0  -6.3e0  0.00000e0
13750.e0 366.0e0  19.0e0  -6.8e0  0.00000e0
13250.e0 358.0e0  20.0e0  -7.6e0  0.00000e0
12750.e0 351.0e0  21.0e0  -8.8e0  0.00000e0
12250.e0 346.0e0  21.8e0 -10.2e0  0.00000e0
11750.e0 343.6e0  22.6e0 -11.2e0  0.00000e0
11250.e0 341.0e0  23.4e0 -11.7e0  0.00000e0
10750.e0 338.5e0  24.0e0 -11.8e0  0.00000e0
10250.e0 336.0e0  24.4e0 -11.0e0 34.96000e0
 9750.e0 333.5e0  24.3e0 -10.0e0 53.01000e0
 9250.e0 331.0e0  23.7e0  -8.5e0 58.59000e0
 8750.e0 329.0e0  22.4e0  -6.0e0 57.42000e0
 8250.e0 327.5e0  20.4e0  -3.0e0 56.30000e0
 7750.e0 326.0e0  18.4e0   1.0e0 63.03000e0
 7250.e0 324.6e0  16.0e0   6.6e0 63.16000e0
 6750.e0 323.2e0  13.4e0  11.4e0 60.14000e0
 6250.e0 321.8e0  11.0e0  13.5e0 64.95000e0
 5750.e0 320.5e0   8.6e0  14.1e0 71.92000e0
 5250.e0 319.0e0   6.1e0  13.7e0 77.21000e0
 4750.e0 317.5e0   3.6e0  12.5e0 78.08000e0
 4250.e0 315.5e0   1.5e0  10.8e0 76.89000e0
 3750.e0 313.5e0  -0.5e0   9.6e0 74.61000e0
 3250.e0 311.2e0  -3.5e0   8.8e0 82.92000e0
 2750.e0 309.0e0  -4.4e0   8.0e0 87.74000e0
 2250.e0 307.0e0  -6.2e0   7.0e0 89.30000e0
 1750.e0 305.0e0  -7.8e0   6.0e0 86.64000e0
 1250.e0 304.0e0  -9.2e0   4.7e0 85.49000e0
  750.e0 303.0e0 -10.4e0   2.0e0 80.82000e0
  250.e0 303.0e0 -12.0e0  -3.0e0 71.02000e0
    0.e0 303.0e0 -12.0e0  -3.0e0 71.02000e0
