################################################################################
#                                                                              #
#     One dimensional sounding input file, form_cats-eye.sounding.txt          #
#                                                                              #
#     This is the cats eye simulation data.                                    #
#                                                                              #
#     Author       : Sakakibara Atsushi                                        #
#     Date         : 1999/07/23                                                #
#     Modification : 1999/07/28, 1999/11/19, 2008/10/10                        #
#                                                                              #
#     1st column: height [m]                                                   #
#     2nd column: temperature [K]                                              #
#     3rd column: x components of velocity [m/s]                               #
#     4th column: y components of velocity [m/s]                               #
#     5th column: relative humidity [%]                                        #
#                                                                              #
################################################################################
 780.e0 300.200e0  8.0000e0 0.e0 0.e0
 720.e0 300.200e0  7.9999e0 0.e0 0.e0
 660.e0 300.200e0  7.9993e0 0.e0 0.e0
 600.e0 300.200e0  7.9946e0 0.e0 0.e0
 540.e0 300.199e0  7.9604e0 0.e0 0.e0
 530.e0 300.199e0  7.9449e0 0.e0 0.e0
 520.e0 300.198e0  7.9231e0 0.e0 0.e0
 510.e0 300.197e0  7.8929e0 0.e0 0.e0
 500.e0 300.196e0  7.8510e0 0.e0 0.e0
 490.e0 300.195e0  7.7927e0 0.e0 0.e0
 480.e0 300.193e0  7.7122e0 0.e0 0.e0
 470.e0 300.190e0  7.6012e0 0.e0 0.e0
 460.e0 300.186e0  7.4489e0 0.e0 0.e0
 450.e0 300.181e0  7.2412e0 0.e0 0.e0
 440.e0 300.174e0  6.9605e0 0.e0 0.e0
 430.e0 300.165e0  6.5056e0 0.e0 0.e0
 420.e0 300.152e0  6.0927e0 0.e0 0.e0
 410.e0 300.137e0  5.4581e0 0.e0 0.e0
 400.e0 300.117e0  4.6622e0 0.e0 0.e0
 390.e0 300.093e0  3.6970e0 0.e0 0.e0
 380.e0 300.064e0  2.5720e0 0.e0 0.e0
 370.e0 300.033e0  1.3211e0 0.e0 0.e0
 360.e0 300.000e0  0.0000e0 0.e0 0.e0
 350.e0 299.967e0 -1.3211e0 0.e0 0.e0
 340.e0 299.936e0 -2.5720e0 0.e0 0.e0
 330.e0 299.908e0 -3.6970e0 0.e0 0.e0
 320.e0 299.884e0 -4.6622e0 0.e0 0.e0
 310.e0 299.864e0 -5.4581e0 0.e0 0.e0
 300.e0 299.845e0 -6.0927e0 0.e0 0.e0
 290.e0 299.835e0 -6.5056e0 0.e0 0.e0
 280.e0 299.826e0 -6.9605e0 0.e0 0.e0
 270.e0 299.819e0 -7.2412e0 0.e0 0.e0
 260.e0 299.814e0 -7.4489e0 0.e0 0.e0
 250.e0 299.810e0 -7.6012e0 0.e0 0.e0
 240.e0 299.807e0 -7.7122e0 0.e0 0.e0
 230.e0 299.805e0 -7.7927e0 0.e0 0.e0
 220.e0 299.804e0 -7.8510e0 0.e0 0.e0
 210.e0 299.803e0 -7.8929e0 0.e0 0.e0
 200.e0 299.802e0 -7.9231e0 0.e0 0.e0
 190.e0 299.802e0 -7.9449e0 0.e0 0.e0
 180.e0 299.801e0 -7.9604e0 0.e0 0.e0
 120.e0 299.800e0 -7.9946e0 0.e0 0.e0
  60.e0 299.800e0 -7.9993e0 0.e0 0.e0
   0.e0 299.800e0 -7.9999e0 0.e0 0.e0
